164812_G_Framside
131.265783
224.942064
32.994839
21.915018
7.877461
5.241340
5.246940
5.241344
5.246944
8.916254
37.324723
46.929501
12.379923
12.341613
219.357143
220.817143
61.375092
83.887536
9.810534
9.810534
39.647685
67.826126
9.401617
47.764232
25.408254
24.662910
3.121610
3.249569
3.377249
22.731159
22.731159
22.731159
22.731159
22.731159
22.731159
22.731159
22.731159
35.584540
36.058222
36.531903
37.005585
37.479267
37.952949
38.426631
38.900313
39.373995
39.846710
40.280725
48.090505
48.465503
48.840501
49.215500
49.590498
49.965496
227.425899
227.470619
10.169807
10.169807
10.169807
71.188649
10.231450
10.231450
10.231450
71.620151
28.727399
28.727399
28.727399
86.182198
13.474904
13.474904
172.902081
172.902081
163.570359
163.667671
26.262947
22.149600
17.790306
7.744990
