164812_G_Framside
131.265783
224.942064
32.994839
21.917418
7.877461
5.241340
5.245340
5.241344
5.245344
8.916254
37.324723
46.929501
12.379923
12.341613
219.357143
220.817143
61.375092
83.887536
9.810534
9.810534
39.647685
67.826126
9.401617
47.764232
25.408254
24.662910
3.121610
3.249569
3.377249
22.718429
22.718429
22.718429
22.718429
22.718429
22.718429
22.718429
22.718429
35.586620
36.060302
36.533983
37.007665
37.481347
37.955029
38.428711
38.902393
39.376075
39.848790
40.282805
36.522783
37.470147
38.417511
39.364875
40.271605
48.093385
48.468383
48.843381
49.218380
49.593378
49.968376
47.707147
48.457143
49.207140
49.957136
227.423099
227.470619
10.169624
10.169624
10.169624
71.187367
10.231485
10.231485
10.231485
71.620396
28.808355
28.808355
28.808355
86.425064
13.474904
13.474904
172.902081
172.902081
163.573706
163.668649
26.262947
22.149600
17.790306
